                 123123123123123123123123
                 12                    23
                 12  "machines"        23
                 12                    23
                 123123123123123123123123 <><><><><><12312312312312123123123123123
                 ||            ||      ||            12                         23
                 ||            ||      ||            12   "managers office"     23
                 ||            ||      ||            12                         23
                 ||            ||      ||            12                         23
       123123123123123123123<><><><<><><><><><><><><>23123123121231231231231231223
       12                 23   ||      ||                ||     ||
       12                 23<><><><><123123123123123123123123   ||
       12 "free weights"  23   ||    12   ******           12   ||
       12                 23   ||    12   yoga studio:YAH  12   ||
       12                 23   ||    12   ******           12   ||
       123123123123123123123   ||    123123123123123123123123   ||
                 ||            ||        ||                     ||
                 ||            ||        ||                     ||
                 ||            ||        ||                     ||
                 ||            ||        ||                     ||
                 123123123123123123123123123123123123123123123123123
                 12                                               12
                 12            "front desk"                       12
                 12                                               12
                 121231231231231231231231231231231231231231231231231
