                 123123123123
                 12        23
                 12   "MR" 23
                 12        23
                 123123123123<><><><><><12312312312312
                 ||   ||   ||           12          23
                 ||   ||   ||           12   "MO"   23
                 ||   ||   ||           12          23
                 ||   ||   ||           12          23
       123123123123<><><><<><><><><><><>12312312312312
       12        23   ||   ||            ||       ||
       12        23<><><><><123123123123123       ||
       12  "WR"  23   ||    12           12       ||
       12        23   ||    12   "YR"    12       ||
       12        23   ||    12           12       ||
       123123123123   ||    123123123123123       ||
                 ||   ||        ||                ||
                 ||   ||        ||                ||
                 ||   ||        ||                ||
                 ||   ||        ||                ||
                 123123123123123123123123123123123123123123
                 12  ********************************    12
                 12  FRONT DESK(FD): YOU ARE HERE(YAH)   12
                 12  ********************************    12
                 121231231231231231231231231231231231231231

